#游戏设置
MusicVolume: 0.623219013
SoundEffectVolume: 0.824848473
lag: 0
